a 5
5 11
11 b
a 5
5 22
22 33
33 17
17 c
a 5
5 22
22 16
16 23
23 d
a 5
5 12
12 26
26 e
a 5
5 12
12 30
30 f
b 11
11 5
5 a
b 11
11 17
17 c
b 11
11 5
5 22
22 16
16 23
23 d
b 11
11 26
26 e
b 11
11 5
5 12
12 30
30 f
c 17
17 33
33 22
22 5
5 a
c 17
17 11
11 b
c 17
17 33
33 16
16 23
23 d
c 17
17 11
11 26
26 e
c 17
17 33
33 16
16 23
23 30
30 f
d 23
23 16
16 22
22 5
5 a
d 23
23 16
16 22
22 5
5 11
11 b
d 23
23 16
16 33
33 17
17 c
d 23
23 30
30 12
12 26
26 e
d 23
23 30
30 f
e 26
26 12
12 5
5 a
e 26
26 11
11 b
e 26
26 11
11 17
17 c
e 26
26 12
12 30
30 23
23 d
e 26
26 12
12 30
30 f
f 30
30 12
12 5
5 a
f 30
30 12
12 5
5 11
11 b
f 30
30 23
23 16
16 33
33 17
17 c
f 30
30 23
23 d
f 30
30 12
12 26
26 e
