a 36
36 11
11 b
a 36
36 25
25 17
17 c
a 36
36 6
6 23
23 d
a 36
36 25
25 e
a 36
36 10
10 f
b 11
11 36
36 a
b 11
11 6
6 23
23 17
17 c
b 11
11 6
6 23
23 d
b 11
11 6
6 25
25 e
b 11
11 36
36 10
10 f
c 17
17 23
23 6
6 36
36 a
c 17
17 23
23 6
6 11
11 b
c 17
17 23
23 d
c 17
17 25
25 e
c 17
17 23
23 6
6 36
36 10
10 f
d 23
23 6
6 36
36 a
d 23
23 6
6 11
11 b
d 23
23 17
17 c
d 23
23 6
6 25
25 e
d 23
23 6
6 36
36 10
10 f
e 25
25 36
36 a
e 25
25 36
36 11
11 b
e 25
25 17
17 c
e 25
25 6
6 23
23 d
e 25
25 36
36 10
10 f
f 10
10 36
36 a
f 10
10 36
36 11
11 b
f 10
10 36
36 25
25 17
17 c
f 10
10 36
36 6
6 23
23 d
f 10
10 36
36 25
25 e
