a 5
5 44
44 7
7 b
a 5
5 44
44 35
35 2
2 17
17 c
a 5
5 4
4 6
6 23
23 d
a 5
5 4
4 6
6 29
29 e
a 5
5 44
44 35
35 f
b 7
7 44
44 5
5 a
b 7
7 44
44 35
35 2
2 17
17 c
b 7
7 47
47 39
39 4
4 6
6 23
23 d
b 7
7 47
47 39
39 29
29 e
b 7
7 44
44 35
35 f
c 17
17 2
2 35
35 44
44 5
5 a
c 17
17 2
2 35
35 44
44 7
7 b
c 17
17 23
23 d
c 17
17 23
23 6
6 29
29 e
c 17
17 2
2 35
35 f
d 23
23 6
6 4
4 5
5 a
d 23
23 6
6 4
4 39
39 47
47 7
7 b
d 23
23 17
17 c
d 23
23 6
6 29
29 e
d 23
23 2
2 35
35 f
e 29
29 6
6 4
4 5
5 a
e 29
29 39
39 47
47 7
7 b
e 29
29 6
6 23
23 17
17 c
e 29
29 6
6 23
23 d
e 29
29 6
6 23
23 2
2 35
35 f
f 35
35 44
44 5
5 a
f 35
35 44
44 7
7 b
f 35
35 2
2 17
17 c
f 35
35 2
2 23
23 d
f 35
35 2
2 23
23 6
6 29
29 e
