a 14
14 11
11 b
a 14
14 32
32 15
15 17
17 c
a 14
14 32
32 15
15 38
38 23
23 d
a 14
14 32
32 1
1 26
26 e
b 11
11 14
14 a
b 11
11 14
14 32
32 15
15 17
17 c
b 11
11 14
14 32
32 15
15 38
38 23
23 d
b 11
11 14
14 32
32 1
1 26
26 e
c 17
17 15
15 32
32 14
14 a
c 17
17 15
15 32
32 14
14 11
11 b
c 17
17 3
3 23
23 d
c 17
17 3
3 1
1 26
26 e
d 23
23 38
38 15
15 32
32 14
14 a
d 23
23 38
38 15
15 32
32 14
14 11
11 b
d 23
23 3
3 17
17 c
d 23
23 38
38 1
1 26
26 e
e 26
26 1
1 32
32 14
14 a
e 26
26 1
1 32
32 14
14 11
11 b
e 26
26 1
1 3
3 17
17 c
e 26
26 1
1 38
38 23
23 d
