a 4
4 9
9 b
a 4
4 17
17 22
22 c
a 4
4 17
17 19
19 d
a 4
4 9
9 24
24 e
a 4
4 16
16 f
b 9
9 4
4 a
b 9
9 4
4 17
17 22
22 c
b 9
9 4
4 17
17 19
19 d
b 9
9 24
24 e
b 9
9 16
16 f
c 22
22 17
17 4
4 a
c 22
22 17
17 4
4 9
9 b
c 22
22 19
19 d
c 22
22 19
19 24
24 e
c 22
22 17
17 4
4 16
16 f
d 19
19 17
17 4
4 a
d 19
19 17
17 4
4 9
9 b
d 19
19 22
22 c
d 19
19 24
24 e
d 19
19 17
17 4
4 16
16 f
e 24
24 9
9 4
4 a
e 24
24 9
9 b
e 24
24 19
19 22
22 c
e 24
24 19
19 d
e 24
24 9
9 16
16 f
f 16
16 4
4 a
f 16
16 9
9 b
f 16
16 4
4 17
17 22
22 c
f 16
16 4
4 17
17 19
19 d
f 16
16 9
9 24
24 e
