a 901
901 928
928 902
902 b
a 901
901 928
928 919
919 903
903 c
a 901
901 914
914 904
904 d
a 901
901 928
928 919
919 918
918 905
905 e
b 902
902 928
928 901
901 a
b 902
902 903
903 c
b 902
902 919
919 913
913 904
904 d
b 902
902 918
918 905
905 e
c 903
903 919
919 928
928 901
901 a
c 903
903 902
902 b
c 903
903 918
918 914
914 904
904 d
c 903
903 905
905 e
d 904
904 914
914 901
901 a
d 904
904 913
913 919
919 902
902 b
d 904
904 914
914 918
918 903
903 c
d 904
904 914
914 918
918 905
905 e
e 905
905 918
918 919
919 928
928 901
901 a
e 905
905 918
918 902
902 b
e 905
905 903
903 c
e 905
905 918
918 914
914 904
904 d
