a 2
2 7
7 12
12 5
5 b
a 2
2 8
8 c
a 2
2 8
8 11
11 d
a 2
2 0
0 19
19 14
14 e
a 2
2 8
8 11
11 17
17 f
b 5
5 12
12 7
7 2
2 a
b 5
5 17
17 11
11 8
8 c
b 5
5 17
17 11
11 d
b 5
5 12
12 19
19 14
14 e
b 5
5 17
17 f
c 8
8 2
2 a
c 8
8 11
11 17
17 5
5 b
c 8
8 11
11 d
c 8
8 2
2 0
0 19
19 14
14 e
c 8
8 11
11 17
17 f
d 11
11 8
8 2
2 a
d 11
11 17
17 5
5 b
d 11
11 8
8 c
d 11
11 7
7 19
19 14
14 e
d 11
11 17
17 f
e 14
14 19
19 0
0 2
2 a
e 14
14 19
19 12
12 5
5 b
e 14
14 19
19 0
0 2
2 8
8 c
e 14
14 19
19 7
7 11
11 d
e 14
14 19
19 12
12 5
5 17
17 f
f 17
17 11
11 8
8 2
2 a
f 17
17 5
5 b
f 17
17 11
11 8
8 c
f 17
17 11
11 d
f 17
17 5
5 12
12 19
19 14
14 e
