a 10
10 52
52 42
42 21
21 b
a 10
10 52
52 43
43 14
14 32
32 c
a 10
10 52
52 43
43 d
a 10
10 27
27 57
57 e
a 10
10 52
52 43
43 14
14 f
b 21
21 42
42 52
52 10
10 a
b 21
21 32
32 c
b 21
21 32
32 14
14 43
43 d
b 21
21 42
42 5
5 57
57 e
b 21
21 32
32 14
14 f
c 32
32 14
14 43
43 52
52 10
10 a
c 32
32 21
21 b
c 32
32 14
14 43
43 d
c 32
32 5
5 57
57 e
c 32
32 14
14 f
d 43
43 52
52 10
10 a
d 43
43 14
14 32
32 21
21 b
d 43
43 14
14 32
32 c
d 43
43 52
52 27
27 57
57 e
d 43
43 14
14 f
e 57
57 27
27 10
10 a
e 57
57 5
5 42
42 21
21 b
e 57
57 5
5 32
32 c
e 57
57 27
27 52
52 43
43 d
e 57
57 5
5 32
32 14
14 f
f 14
14 43
43 52
52 10
10 a
f 14
14 32
32 21
21 b
f 14
14 32
32 c
f 14
14 43
43 d
f 14
14 32
32 5
5 57
57 e
