a 11
11 52
52 23
23 b
a 11
11 52
52 42
42 7
7 c
a 11
11 54
54 61
61 d
a 11
11 54
54 61
61 25
25 e
a 11
11 54
54 f
b 23
23 52
52 11
11 a
b 23
23 52
52 42
42 7
7 c
b 23
23 54
54 61
61 d
b 23
23 54
54 61
61 25
25 e
b 23
23 54
54 f
c 7
7 42
42 52
52 11
11 a
c 7
7 42
42 52
52 23
23 b
c 7
7 25
25 61
61 d
c 7
7 25
25 e
c 7
7 25
25 61
61 54
54 f
d 61
61 54
54 11
11 a
d 61
61 54
54 23
23 b
d 61
61 25
25 7
7 c
d 61
61 25
25 e
d 61
61 54
54 f
e 25
25 61
61 54
54 11
11 a
e 25
25 61
61 54
54 23
23 b
e 25
25 7
7 c
e 25
25 61
61 d
e 25
25 61
61 54
54 f
f 54
54 11
11 a
f 54
54 23
23 b
f 54
54 61
61 25
25 7
7 c
f 54
54 61
61 d
f 54
54 61
61 25
25 e
