a 9
9 59
59 19
19 b
a 9
9 59
59 19
19 57
57 c
a 9
9 58
58 50
50 39
39 d
a 9
9 58
58 25
25 e
a 9
9 59
59 f
a 9
9 58
58 50
50 g
b 19
19 59
59 9
9 a
b 19
19 57
57 c
b 19
19 59
59 21
21 39
39 d
b 19
19 59
59 9
9 58
58 25
25 e
b 19
19 59
59 f
b 19
19 59
59 21
21 50
50 g
c 57
57 19
19 59
59 9
9 a
c 57
57 19
19 b
c 57
57 27
27 50
50 39
39 d
c 57
57 27
27 50
50 25
25 e
c 57
57 19
19 59
59 f
c 57
57 27
27 50
50 g
d 39
39 50
50 58
58 9
9 a
d 39
39 21
21 59
59 19
19 b
d 39
39 50
50 27
27 57
57 c
d 39
39 50
50 25
25 e
d 39
39 21
21 59
59 f
d 39
39 50
50 g
e 25
25 58
58 9
9 a
e 25
25 58
58 9
9 59
59 19
19 b
e 25
25 50
50 27
27 57
57 c
e 25
25 50
50 39
39 d
e 25
25 50
50 21
21 59
59 f
e 25
25 50
50 g
f 59
59 9
9 a
f 59
59 19
19 b
f 59
59 19
19 57
57 c
f 59
59 21
21 39
39 d
f 59
59 21
21 50
50 25
25 e
f 59
59 21
21 50
50 g
g 50
50 58
58 9
9 a
g 50
50 21
21 59
59 19
19 b
g 50
50 27
27 57
57 c
g 50
50 39
39 d
g 50
50 25
25 e
g 50
50 21
21 59
59 f
