a 3
3 7
7 b
a 3
3 c
a 3
3 7
7 2
2 15
15 d
a 3
3 7
7 2
2 19
19 e
a 3
3 21
21 0
0 23
23 f
b 7
7 3
3 a
b 7
7 3
3 c
b 7
7 2
2 15
15 d
b 7
7 2
2 19
19 e
b 7
7 2
2 6
6 0
0 23
23 f
c 3
3 a
c 3
3 7
7 b
c 3
3 7
7 2
2 15
15 d
c 3
3 7
7 2
2 19
19 e
c 3
3 21
21 0
0 23
23 f
d 15
15 6
6 21
21 3
3 a
d 15
15 6
6 2
2 7
7 b
d 15
15 6
6 21
21 3
3 c
d 15
15 19
19 e
d 15
15 6
6 0
0 23
23 f
e 19
19 6
6 21
21 3
3 a
e 19
19 6
6 2
2 7
7 b
e 19
19 6
6 21
21 3
3 c
e 19
19 15
15 d
e 19
19 23
23 f
f 23
23 0
0 21
21 3
3 a
f 23
23 0
0 6
6 2
2 7
7 b
f 23
23 0
0 21
21 3
3 c
f 23
23 19
19 15
15 d
f 23
23 19
19 e
