a 41
41 34
34 10
10 b
a 41
41 42
42 26
26 c
a 41
41 34
34 d
a 41
41 2
2 e
a 41
41 42
42 53
53 f
b 10
10 34
34 41
41 a
b 10
10 34
34 26
26 c
b 10
10 34
34 d
b 10
10 34
34 2
2 e
b 10
10 34
34 53
53 f
c 26
26 42
42 41
41 a
c 26
26 34
34 10
10 b
c 26
26 34
34 d
c 26
26 42
42 41
41 2
2 e
c 26
26 42
42 53
53 f
d 34
34 41
41 a
d 34
34 10
10 b
d 34
34 26
26 c
d 34
34 2
2 e
d 34
34 53
53 f
e 2
2 41
41 a
e 2
2 34
34 10
10 b
e 2
2 34
34 26
26 c
e 2
2 34
34 d
e 2
2 41
41 42
42 53
53 f
f 53
53 42
42 41
41 a
f 53
53 34
34 10
10 b
f 53
53 42
42 26
26 c
f 53
53 34
34 d
f 53
53 42
42 41
41 2
2 e
