1 0 35 41
2 1 17 45
3 1 17 22
4 1 35 45
5 1 35 22
6 1 44 45
7 1 44 22
8 1 22 45
9 1 8 45
10 1 8 22
11 1 45 22
12 1 26 45
13 1 26 22
14 0 35 45
15 1 41 22
16 1 17 41
17 1 17 22
18 1 35 41
19 1 35 22
20 1 44 41
21 1 44 22
22 1 8 41
23 1 8 22
24 1 22 41
25 1 26 41
26 1 26 22
27 0 35 22
28 1 41 45
29 1 17 45
30 1 17 41
31 1 35 45
32 1 35 41
33 1 44 45
34 1 44 41
35 1 8 45
36 1 8 41
37 1 45 41
38 1 26 45
39 1 26 41
40 0 22 41
41 1 17 45
42 1 17 22
43 1 35 45
44 1 35 22
45 1 44 45
46 1 44 22
47 1 22 45
48 1 8 45
49 1 8 22
50 1 45 22
51 1 26 45
52 1 26 22
53 0 22 45
54 1 41 22
55 1 17 41
56 1 17 22
57 1 35 41
58 1 35 22
59 1 44 41
60 1 44 22
61 1 8 41
62 1 8 22
63 1 22 41
64 1 26 41
65 1 26 22
66 0 41 45
67 1 41 22
68 1 17 41
69 1 17 22
70 1 35 41
71 1 35 22
72 1 44 41
73 1 44 22
74 1 8 41
75 1 8 22
76 1 22 41
77 1 26 41
78 1 26 22
79 0 41 22
80 1 41 45
81 1 17 45
82 1 17 41
83 1 35 45
84 1 35 41
85 1 44 45
86 1 44 41
87 1 8 45
88 1 8 41
89 1 45 41
90 1 26 45
91 1 26 41
92 0 17 41
93 1 17 45
94 1 17 22
95 1 35 45
96 1 35 22
97 1 44 45
98 1 44 22
99 1 22 45
100 1 8 45
101 1 8 22
102 1 45 22
103 1 26 45
104 1 26 22
105 0 17 45
106 1 41 22
107 1 17 41
108 1 17 22
109 1 35 41
110 1 35 22
111 1 44 41
112 1 44 22
113 1 8 41
114 1 8 22
115 1 22 41
116 1 26 41
117 1 26 22
118 0 17 22
119 1 41 45
120 1 17 45
121 1 17 41
122 1 35 45
123 1 35 41
124 1 44 45
125 1 44 41
126 1 8 45
127 1 8 41
128 1 45 41
129 1 26 45
130 1 26 41
131 0 44 41
132 1 17 45
133 1 17 22
134 1 35 45
135 1 35 22
136 1 44 45
137 1 44 22
138 1 22 45
139 1 8 45
140 1 8 22
141 1 45 22
142 1 26 45
143 1 26 22
144 0 44 45
145 1 41 22
146 1 17 41
147 1 17 22
148 1 35 41
149 1 35 22
150 1 44 41
151 1 44 22
152 1 8 41
153 1 8 22
154 1 22 41
155 1 26 41
156 1 26 22
157 0 44 22
158 1 41 45
159 1 17 45
160 1 17 41
161 1 35 45
162 1 35 41
163 1 44 45
164 1 44 41
165 1 8 45
166 1 8 41
167 1 45 41
168 1 26 45
169 1 26 41
170 0 8 41
171 1 17 45
172 1 17 22
173 1 35 45
174 1 35 22
175 1 44 45
176 1 44 22
177 1 22 45
178 1 8 45
179 1 8 22
180 1 45 22
181 1 26 45
182 1 26 22
183 0 8 45
184 1 41 22
185 1 17 41
186 1 17 22
187 1 35 41
188 1 35 22
189 1 44 41
190 1 44 22
191 1 8 41
192 1 8 22
193 1 22 41
194 1 26 41
195 1 26 22
196 0 8 22
197 1 41 45
198 1 17 45
199 1 17 41
200 1 35 45
201 1 35 41
202 1 44 45
203 1 44 41
204 1 8 45
205 1 8 41
206 1 45 41
207 1 26 45
208 1 26 41
209 0 45 41
210 1 17 45
211 1 17 22
212 1 35 45
213 1 35 22
214 1 44 45
215 1 44 22
216 1 22 45
217 1 8 45
218 1 8 22
219 1 45 22
220 1 26 45
221 1 26 22
222 0 45 22
223 1 41 45
224 1 17 45
225 1 17 41
226 1 35 45
227 1 35 41
228 1 44 45
229 1 44 41
230 1 8 45
231 1 8 41
232 1 45 41
233 1 26 45
234 1 26 41
235 0 26 41
236 1 17 45
237 1 17 22
238 1 35 45
239 1 35 22
240 1 44 45
241 1 44 22
242 1 22 45
243 1 8 45
244 1 8 22
245 1 45 22
246 1 26 45
247 1 26 22
248 0 26 45
249 1 41 22
250 1 17 41
251 1 17 22
252 1 35 41
253 1 35 22
254 1 44 41
255 1 44 22
256 1 8 41
257 1 8 22
258 1 22 41
259 1 26 41
260 1 26 22
261 0 26 22
262 1 41 45
263 1 17 45
264 1 17 41
265 1 35 45
266 1 35 41
267 1 44 45
268 1 44 41
269 1 8 45
270 1 8 41
271 1 45 41
272 1 26 45
273 1 26 41
